relationship_duration_post <- structure(c(163.334596936523, 166.320880314463, 169.307163692402, 
172.293447070341, 175.27973044828, 178.26601382622, 181.252297204159, 
184.238580582098, 187.224863960037, 190.211147337977, 193.197430715916, 
196.183714093855, 199.169997471794, 202.156280849734, 205.142564227673, 
208.128847605612, 211.115130983551, 214.101414361491, 217.08769773943, 
220.073981117369, 223.060264495308, 226.046547873248, 229.032831251187, 
232.019114629126, 235.005398007065, 237.991681385004, 240.977964762944, 
243.964248140883, 246.950531518822, 249.936814896761, 252.923098274701, 
255.90938165264, 258.895665030579, 261.881948408518, 264.868231786458, 
267.854515164397, 270.840798542336, 273.827081920275, 276.813365298215, 
279.799648676154, 282.785932054093, 285.772215432032, 288.758498809972, 
291.744782187911, 294.73106556585, 297.717348943789, 300.703632321729, 
303.689915699668, 306.676199077607, 309.662482455546, 312.648765833486, 
315.635049211425, 318.621332589364, 321.607615967303, 324.593899345243, 
327.580182723182, 330.566466101121, 333.55274947906, 336.539032856999, 
339.525316234939, 342.511599612878, 345.497882990817, 348.484166368756, 
351.470449746696, 354.456733124635, 357.443016502574, 360.429299880513, 
363.415583258453, 366.401866636392, 369.388150014331, 372.37443339227, 
375.36071677021, 378.347000148149, 381.333283526088, 384.319566904027, 
387.305850281967, 390.292133659906, 393.278417037845, 396.264700415784, 
399.250983793724, 402.237267171663, 405.223550549602, 408.209833927541, 
411.196117305481, 414.18240068342, 417.168684061359, 420.154967439298, 
423.141250817238, 426.127534195177, 429.113817573116, 432.100100951055, 
435.086384328995, 438.072667706934, 441.058951084873, 444.045234462812, 
447.031517840752, 450.017801218691, 453.00408459663, 455.990367974569, 
458.976651352508, 461.962934730448, 464.949218108387, 467.935501486326, 
470.921784864265, 473.908068242205, 476.894351620144, 479.880634998083, 
482.866918376022, 485.853201753962, 488.839485131901, 491.82576850984, 
494.812051887779, 497.798335265719, 500.784618643658, 503.770902021597, 
506.757185399536, 509.743468777476, 512.729752155415, 515.716035533354, 
518.702318911293, 521.688602289233, 524.674885667172, 527.661169045111, 
530.64745242305, 533.63373580099, 536.620019178929, 539.606302556868, 
542.592585934807, 545.578869312747, 548.565152690686, 551.551436068625, 
554.537719446564, 557.524002824503, 560.510286202443, 563.496569580382, 
566.482852958321, 569.46913633626, 572.4554197142, 575.441703092139, 
578.427986470078, 581.414269848018, 584.400553225957, 587.386836603896, 
590.373119981835, 593.359403359774, 596.345686737714, 599.331970115653, 
602.318253493592, 605.304536871531, 608.290820249471, 611.27710362741, 
614.263387005349, 617.249670383288, 620.235953761228, 623.222237139167, 
626.208520517106, 629.194803895045, 632.181087272985, 635.167370650924, 
638.153654028863, 641.139937406802, 644.126220784741, 647.112504162681, 
650.09878754062, 653.085070918559, 656.071354296498, 659.057637674438, 
662.043921052377, 665.030204430316, 668.016487808256, 671.002771186195, 
673.989054564134, 676.975337942073, 679.961621320012, 682.947904697952, 
685.934188075891, 688.92047145383, 691.906754831769, 694.893038209709, 
697.879321587648, 700.865604965587, 703.851888343527, 706.838171721466, 
709.824455099405, 712.810738477344, 715.797021855283, 718.783305233223, 
721.769588611162, 724.755871989101, 727.74215536704, 730.72843874498, 
733.714722122919, 736.701005500858, 739.687288878797, 742.673572256737, 
745.659855634676, 748.646139012615, 751.632422390554, 754.618705768494, 
757.604989146433, 760.591272524372, 763.577555902311, 766.56383928025, 
769.55012265819, 772.536406036129, 775.522689414068, 778.508972792007, 
781.495256169947, 784.481539547886, 787.467822925825, 790.454106303765, 
793.440389681704, 796.426673059643, 799.412956437582, 802.399239815521, 
805.385523193461, 808.3718065714, 811.358089949339, 814.344373327278, 
817.330656705218, 820.316940083157, 823.303223461096, 826.289506839035, 
829.275790216975, 832.262073594914, 835.248356972853, 838.234640350792, 
841.220923728732, 844.207207106671, 847.19349048461, 850.179773862549, 
853.166057240488, 856.152340618428, 859.138623996367, 862.124907374306, 
865.111190752246, 868.097474130185, 871.083757508124, 874.070040886063, 
877.056324264003, 880.042607641942, 883.028891019881, 886.01517439782, 
889.001457775759, 891.987741153699, 894.974024531638, 897.960307909577, 
900.946591287516, 903.932874665456, 906.919158043395, 909.905441421334, 
912.891724799273, 915.878008177213, 918.864291555152, 921.850574933091, 
924.83685831103, 927.82314168897, 930.809425066909, 933.795708444848, 
936.781991822787, 939.768275200727, 942.754558578666, 945.740841956605, 
948.727125334544, 951.713408712484, 954.699692090423, 957.685975468362, 
960.672258846301, 963.658542224241, 966.64482560218, 969.631108980119, 
972.617392358058, 975.603675735998, 978.589959113937, 981.576242491876, 
984.562525869815, 987.548809247754, 990.535092625694, 993.521376003633, 
996.507659381572, 999.493942759512, 1002.48022613745, 1005.46650951539, 
1008.45279289333, 1011.43907627127, 1014.42535964921, 1017.41164302715, 
1020.39792640509, 1023.38420978303, 1026.37049316096, 1029.3567765389, 
1032.34305991684, 1035.32934329478, 1038.31562667272, 1041.30191005066, 
1044.2881934286, 1047.27447680654, 1050.26076018448, 1053.24704356242, 
1056.23332694036, 1059.2196103183, 1062.20589369624, 1065.19217707417, 
1068.17846045211, 1071.16474383005, 1074.15102720799, 1077.13731058593, 
1080.12359396387, 1083.10987734181, 1086.09616071975, 1089.08244409769, 
1092.06872747563, 1095.05501085357, 1098.04129423151, 1101.02757760945, 
1104.01386098738, 1107.00014436532, 1109.98642774326, 1112.9727111212, 
1115.95899449914, 1118.94527787708, 1121.93156125502, 1124.91784463296, 
1127.9041280109, 1130.89041138884, 1133.87669476678, 1136.86297814472, 
1139.84926152266, 1142.8355449006, 1145.82182827853, 1148.80811165647, 
1151.79439503441, 1154.78067841235, 1157.76696179029, 1160.75324516823, 
1163.73952854617, 1166.72581192411, 1169.71209530205, 1172.69837867999, 
1175.68466205793, 1178.67094543587, 1181.65722881381, 1184.64351219174, 
1187.62979556968, 1190.61607894762, 1193.60236232556, 1196.5886457035, 
1199.57492908144, 1202.56121245938, 1205.54749583732, 1208.53377921526, 
1211.5200625932, 1214.50634597114, 1217.49262934908, 1220.47891272702, 
1223.46519610495, 1226.45147948289, 1229.43776286083, 1232.42404623877, 
1235.41032961671, 1238.39661299465, 1241.38289637259, 1244.36917975053, 
1247.35546312847, 1250.34174650641, 1253.32802988435, 1256.31431326229, 
1259.30059664023, 1262.28688001816, 1265.2731633961, 1268.25944677404, 
1271.24573015198, 1274.23201352992, 1277.21829690786, 1280.2045802858, 
1283.19086366374, 1286.17714704168, 1289.16343041962, 1292.14971379756, 
1295.1359971755, 1298.12228055344, 1301.10856393138, 1304.09484730931, 
1307.08113068725, 1310.06741406519, 1313.05369744313, 1316.03998082107, 
1319.02626419901, 1322.01254757695, 1324.99883095489, 1327.98511433283, 
1330.97139771077, 1333.95768108871, 1336.94396446665, 1339.93024784459, 
1342.91653122252, 1345.90281460046, 1348.8890979784, 1351.87538135634, 
1354.86166473428, 1357.84794811222, 1360.83423149016, 1363.8205148681, 
1366.80679824604, 1369.79308162398, 1372.77936500192, 1375.76564837986, 
1378.7519317578, 1381.73821513573, 1384.72449851367, 1387.71078189161, 
1390.69706526955, 1393.68334864749, 1396.66963202543, 1399.65591540337, 
1402.64219878131, 1405.62848215925, 1408.61476553719, 1411.60104891513, 
1414.58733229307, 1417.57361567101, 1420.55989904894, 1423.54618242688, 
1426.53246580482, 1429.51874918276, 1432.5050325607, 1435.49131593864, 
1438.47759931658, 1441.46388269452, 1444.45016607246, 1447.4364494504, 
1450.42273282834, 1453.40901620628, 1456.39529958422, 1459.38158296216, 
1462.36786634009, 1465.35414971803, 1468.34043309597, 1471.32671647391, 
1474.31299985185, 1477.29928322979, 1480.28556660773, 1483.27184998567, 
1486.25813336361, 1489.24441674155, 1492.23070011949, 1495.21698349743, 
1498.20326687537, 1501.1895502533, 1504.17583363124, 1507.16211700918, 
1510.14840038712, 1513.13468376506, 1516.120967143, 1519.10725052094, 
1522.09353389888, 1525.07981727682, 1528.06610065476, 1531.0523840327, 
1534.03866741064, 1537.02495078858, 1540.01123416651, 1542.99751754445, 
1545.98380092239, 1548.97008430033, 1551.95636767827, 1554.94265105621, 
1557.92893443415, 1560.91521781209, 1563.90150119003, 1566.88778456797, 
1569.87406794591, 1572.86035132385, 1575.84663470179, 1578.83291807972, 
1581.81920145766, 1584.8054848356, 1587.79176821354, 1590.77805159148, 
1593.76433496942, 1596.75061834736, 1599.7369017253, 1602.72318510324, 
1605.70946848118, 1608.69575185912, 1611.68203523706, 1614.668318615, 
1617.65460199293, 1620.64088537087, 1623.62716874881, 1626.61345212675, 
1629.59973550469, 1632.58601888263, 1635.57230226057, 1638.55858563851, 
1641.54486901645, 1644.53115239439, 1647.51743577233, 1650.50371915027, 
1653.49000252821, 1656.47628590614, 1659.46256928408, 1662.44885266202, 
1665.43513603996, 1668.4214194179, 1671.40770279584, 1674.39398617378, 
1677.38026955172, 1680.36655292966, 1683.3528363076, 1686.33911968554, 
1689.32540306348, 1.72639059882498e-06, 1.91477643944296e-06, 
2.12510263433866e-06, 2.35780154730233e-06, 2.60805501958931e-06, 
2.88331584040737e-06, 3.18987847917026e-06, 3.51886248164385e-06, 
3.8757019106545e-06, 4.27544704246914e-06, 4.70347873163169e-06, 
5.16173268206456e-06, 5.67770431483379e-06, 6.2289275700804e-06, 
6.81593814777641e-06, 7.47124096507202e-06, 8.17394729660261e-06, 
8.9207089435651e-06, 9.74289075896034e-06, 1.06297594340618e-05, 
1.15701936133884e-05, 1.25923227750131e-05, 1.3700548308789e-05, 
1.48731038177293e-05, 1.61322854955714e-05, 1.75035593618905e-05, 
1.89511453392831e-05, 2.04884097065624e-05, 2.21687234810388e-05, 
2.39384544034755e-05, 2.57985405720153e-05, 2.78377190473592e-05, 
2.99804422561751e-05, 3.22276693389724e-05, 3.46623932848664e-05, 
3.72319745130421e-05, 3.99209006361715e-05, 4.28024801443872e-05, 
4.58548295486318e-05, 4.90417342592923e-05, 5.2422573400192e-05, 
5.60144037225321e-05, 5.97559678992298e-05, 6.3688340765941e-05, 
6.78756603752887e-05, 7.22273842343867e-05, 7.67619974084544e-05, 
8.15983539961825e-05, 8.66127332976262e-05, 9.18060349308852e-05, 
9.73316004104446e-05, 0.000103056096252619, 0.000108971281219645, 
0.000115207907773472, 0.000121682762128369, 0.000128357705849214, 
0.000135336830873044, 0.000142592797889605, 0.000150055238369816, 
0.000157798461572206, 0.000165854543087693, 0.000174119836397405, 
0.000182637019332267, 0.000191498311076763, 0.000200567332585821, 
0.000209854854840877, 0.000219510626187449, 0.000229367944797382, 
0.000239426169457776, 0.000249829365919618, 0.000260441829952192, 
0.000271243467451011, 0.000282340203558166, 0.000293656082002342, 
0.000305144194441174, 0.000316874753142015, 0.000328823572135579, 
0.000340922571300418, 0.000353210798620087, 0.000365703997951325, 
0.000378320560619602, 0.00039107493608047, 0.00040400744223253, 
0.000417032363224603, 0.000430147867620405, 0.000443400637485305, 
0.000456711658829708, 0.000470078437211343, 0.00048351598944582, 
0.000496981584043291, 0.000510466657122683, 0.000523963235500821, 
0.000537447253248903, 0.000550914059429827, 0.000564343411737673, 
0.000577710419895668, 0.000591024727476942, 0.000604264589512539, 
0.000617385663549357, 0.000630421437349806, 0.000643358637709468, 
0.000656117291628279, 0.00066876259537151, 0.000681292776176787, 
0.000693595986041239, 0.00070575854776101, 0.000717784678035043, 
0.000729574125484998, 0.000741186175247063, 0.000752647934369199, 
0.000763878692232043, 0.000774900695010203, 0.000785766825156223, 
0.00079642074012514, 0.000806843694238854, 0.000817113830402092, 
0.000827200562157588, 0.000837046614314306, 0.000846751376399711, 
0.000856307945660515, 0.00086562918265276, 0.000874828427390677, 
0.000883907306601086, 0.000892792631184772, 0.000901571894879717, 
0.000910257170785886, 0.000918807918689868, 0.000927273220388649, 
0.000935675560432552, 0.000943999555459596, 0.000952270861120061, 
0.000960512836603961, 0.000968725977717086, 0.000976929736742783, 
0.000985138176666799, 0.000993357702473942, 0.00100161894761007, 
0.00100991701213585, 0.00101825468340859, 0.0010266892255094, 
0.00103518873428599, 0.00104375489229505, 0.00105245161269918, 
0.00106124614706372, 0.00107012896749041, 0.00107915878014126, 
0.00108831802006242, 0.00109757980960313, 0.00110699019976394, 
0.00111655586204082, 0.00112623012770456, 0.00113604209702342, 
0.00114602571970721, 0.00115611551822393, 0.00116632275580161, 
0.00117670543630199, 0.00118718368158305, 0.00119775651399188, 
0.00120848741256728, 0.00121929906541763, 0.00123018669582257, 
0.00124118653179704, 0.00125225246744304, 0.00126336989289032, 
0.00127455257049844, 0.00128577481183799, 0.00129701985352846, 
0.00130828614074511, 0.00131955406553592, 0.00133081378162696, 
0.00134205701612762, 0.00135325409862931, 0.00136441159601199, 
0.001375523588719, 0.00138653422161583, 0.00139747541437961, 
0.00140834520207657, 0.00141906814915496, 0.00142968803706738, 
0.001440210304374, 0.00145056123652415, 0.00146076932821415, 
0.00147085835864409, 0.00148076499728987, 0.00149048957402457, 
0.00150007940432828, 0.00150948812192471, 0.00151867912230357, 
0.00152772599687663, 0.00153660345895089, 0.00154523385582712, 
0.00155371715264991, 0.00156205067470102, 0.00157011630696824, 
0.00157803792477149, 0.00158581601088277, 0.00159335246686457, 
0.00160073474709585, 0.00160798231746259, 0.00161502456681802, 
0.00162190689770501, 0.00162866735360848, 0.00163526030355823, 
0.00164169461473371, 0.00164802245322988, 0.00165421913810584, 
0.00166026454177917, 0.00166621980061443, 0.00167207641826056, 
0.00167779328682137, 0.00168343551701629, 0.00168900412992148, 
0.00169444994915352, 0.00169983203035577, 0.00170515306964989, 
0.00171037850658208, 0.00171554062673557, 0.00172064984216317, 
0.00172568096388077, 0.00173064508150073, 0.00173555853922715, 
0.00174040214635033, 0.00174516724155544, 0.00174987685853786, 
0.00175451698100397, 0.0017590553805382, 0.00176352561273348, 
0.00176792104195442, 0.00177217607303211, 0.00177634200090416, 
0.00178041704851119, 0.001784310230073, 0.00178807723991067, 
0.00179172353793854, 0.0017951538014685, 0.00179839900309176, 
0.00180148627762431, 0.00180432347668112, 0.0018068989260432, 
0.00180927308174512, 0.00181136750296636, 0.00181310521194543, 
0.0018145938466806, 0.0018157814884772, 0.00181650010555211, 
0.00181691964069795, 0.00181702877574635, 0.00181654171422286, 
0.00181570588395067, 0.00181451794793337, 0.00181268935134121, 
0.00181041868594631, 0.0018077498578869, 0.00180443128305524, 
0.0018005631223775, 0.00179625707596452, 0.00179131349892577, 
0.00178571199194537, 0.00177964197548123, 0.00177296792819957, 
0.00176553342394044, 0.00175761135979537, 0.00174913841231922, 
0.00173981563384739, 0.00172999982333579, 0.00171969101739184, 
0.00170848716612337, 0.00169678804042518, 0.00168460690838055, 
0.00167163113052123, 0.00165811457853983, 0.00164414259239397, 
0.00162949222953575, 0.00161428016613704, 0.0015986544854917, 
0.0015824757761081, 0.00156574378104396, 0.00154865403181296, 
0.00153113838721107, 0.00151311043430227, 0.00149479262112393, 
0.00147617057513713, 0.00145711106824173, 0.00143783889620936, 
0.00141835969459348, 0.00139857552323632, 0.00137864958710991, 
0.00135860017641023, 0.00133840001107141, 0.00131813546365709, 
0.00129783289990371, 0.00127751092369246, 0.00125722434646617, 
0.00123698333891664, 0.00121682707146133, 0.00119682333028969, 
0.00117694323843716, 0.00115722256275289, 0.00113778243473294, 
0.00111853526323305, 0.00109949249721416, 0.00108086180107642, 
0.0010624818979251, 0.0010443562022155, 0.00102670430864927, 
0.00100938035163742, 0.00099235358820957, 0.000975815109999242, 
0.000959684806206698, 0.000943880043981208, 0.00092854911078994, 
0.000913696846384233, 0.000899183694018083, 0.000885106884467846, 
0.000871564361758301, 0.00085836045492257, 0.000845538953368872, 
0.000833288653835303, 0.000821363883902406, 0.00080976341838855, 
0.000798738957620509, 0.000788022048488466, 0.000777604995118639, 
0.000767673131286709, 0.000758060029353385, 0.00074871475484059, 
0.000739762910308014, 0.000731126352552633, 0.000722720853509538, 
0.00071462188620771, 0.000706821458969421, 0.000699213437883871, 
0.000691834268281411, 0.000684726267166377, 0.000677772810428013, 
0.00067098252311625, 0.000664428971422932, 0.000657995210230268, 
0.000651678984310621, 0.000645548430002077, 0.000639514668809844, 
0.000633569185346656, 0.000627752821182146, 0.00062201975583038, 
0.000616351958714846, 0.000610772650091835, 0.000605264457729613, 
0.000599805272115866, 0.000594407645737869, 0.000589072898322231, 
0.00058377752350917, 0.000578527559041643, 0.000573338078109008, 
0.000568184286524698, 0.000563067322567113, 0.000558015242130801, 
0.00055299999154127, 0.000548021817975377, 0.000543110851765916, 
0.000538245628012601, 0.00053342221504819, 0.00052866840699798, 
0.000523973785535839, 0.000519327281647669, 0.000514752524002356, 
0.000510252465997186, 0.000505806802384586, 0.000501432710225296, 
0.000497149092694025, 0.000492924667148917, 0.000488768198164182, 
0.000484716021291778, 0.000480725175429516, 0.000476795724832466, 
0.000472978638529982, 0.000469222249986258, 0.000465525542381048, 
0.00046192684258191, 0.000458392236842539, 0.000454911670587038, 
0.000451510364102179, 0.000448170626000419, 0.000444875399728354, 
0.000441638041554095, 0.000438452685790557, 0.000435298843256215, 
0.000432180839349839, 0.000429097693013367, 0.000426030318958661, 
0.000422978119185797, 0.000419936185238638, 0.00041689250092147, 
0.000413845810743708, 0.000410779477530817, 0.000407692537075986, 
0.000404584393980418, 0.000401430581612527, 0.000398233252169215, 
0.000394997123550735, 0.000391695640698224, 0.000388324558457603, 
0.000384898766066031, 0.00038139504006479, 0.000377794266116572, 
0.000374125510309371, 0.000370373458346892, 0.000366497607213052, 
0.000362543907108642, 0.000358508270618135, 0.000354324943525907, 
0.000350057844233366, 0.000345706746633509, 0.000341207301719054, 
0.000336613263056079, 0.000331933961526213, 0.000327119553306615, 
0.000322200494587071, 0.000317199179884766, 0.000312081218543377, 
0.000306854247304058, 0.000301552086479285, 0.000296155013688557, 
0.000290651410267473, 0.000285083332358915, 0.000279443374754972, 
0.00027370693839064, 0.00026791981818167, 0.00026208304271454, 
0.00025616816158291, 0.000250218535756484, 0.000244235617419536, 
0.000238207907177113, 0.00023215936835521, 0.000226095413955788, 
0.000220016848236367, 0.000213937265394049, 0.000207860855378142, 
0.000201795492120962, 0.000195754201863281, 0.000189734597949692, 
0.000183746207106882, 0.000177811310313411, 0.000171915806019638, 
0.000166065652564275, 0.000160301535832056, 0.000154593063841963, 
0.000148941305039077, 0.00014340311454809, 0.000137938204364303, 
0.000132544048891355, 0.000127274116034782, 0.000122101271712355, 
0.000117010791112549, 0.000112048222065357, 0.000107206764064245, 
0.000102456599706537, 9.78318414786441e-05, 9.3351230021485e-05, 
8.89680565347309e-05, 8.47025869377516e-05, 8.06022181089873e-05, 
7.66026721853644e-05, 7.27090680153251e-05, 6.89985096655524e-05, 
6.53895445480183e-05, 6.18821213430288e-05, 5.85515041024078e-05, 
5.53311106327718e-05, 5.2210449279232e-05, 4.92475758843173e-05, 
4.64057965023065e-05, 4.36599324023399e-05, 4.10511873833772e-05, 
3.85713406729895e-05, 3.61819596563599e-05, 3.39085225846874e-05, 
3.17685531251942e-05, 2.97123624102838e-05, 2.77514037675069e-05, 
2.59252749205058e-05, 2.41753937452281e-05, 2.25012656739725e-05, 
2.09603208145743e-05, 1.94876194905236e-05, 1.80825943944182e-05, 
1.67872165308439e-05, 1.55615454173467e-05, 1.43954158048532e-05, 
1.33175800965751e-05, 1.23088448868033e-05, 1.13516894248479e-05, 
1.04640390377633e-05, 9.64309439546868e-06, 8.86616085790891e-06, 
8.14261851963182e-06, 7.48196721027501e-06, 6.8583144285885e-06, 
6.2745763428691e-06, 5.74887449912272e-06, 5.25382292430636e-06, 
4.78900307904907e-06, 4.37407666208966e-06, 3.98548212501355e-06, 
3.62156632098069e-06, 3.29531344628682e-06, 2.99368609292398e-06, 
2.71192328048576e-06, 2.4580192653031e-06, 2.22651412157685e-06, 
2.01077692348889e-06, 1.81520011602538e-06, 1.63950753503422e-06
), .Dim = c(512L, 2L))